
30951381, 151002, 191658
243426196, 39032, 195643
63537249, 36528, 289867
621092763, 39546, 196184
11293703, 289949, 291214
477260084, 39407, 196025
358917318, 39266, 286662
232183960, 40747, 229197
281765424, 50998, 241593
595148158, 39518, 286937
615489438, 39535, 196173
614704389, 39530, 196168
615489565, 39536, 196174
233793588, 165689, 56307
337766689, 56310, 165692
425674658, 139277, 232453
401315054, 288609, 292083
449235004, 165696, 56314
539157164, 52764, 162349
526148759, 52691, 162276
587965862, 53002, 162597
47988358, 53204, 231183
12017151, 53198, 163293
230279240, 53216, 232324
9131292, 36439, 261018
632670142, 53180, 162814
315439189, 51297, 160882
27500243, 53553, 293027
414619400, 25430, 41017
108511087, 38405, 285786
576041689, 47542, 201532
73847381, 54041, 289389
440648080, 55398, 156611
102874853, 57754, 134770
758600264, 244334, 163288
262422450, 57782, 134570
116926792, 38556, 285937
116926793, 38557, 285938
326477608, 57784, 189834
472686270, 128647, 283684
2228226, 132142, 132855
26552706, 138639, 230854
27605383, 138641, 230869
121799175, 138685, 231880
289783852, 39149, 195763
585068027, 39509, 196143
108511091, 38408, 285789
614190527, 39528, 196166
19442260, 289685, 292796
21802784, 289747, 292493
516457892, 52632, 243225
579823098, 39505, 196139
116926787, 38555, 285936
132650038, 138692, 231942
153466151, 138707, 232080
299179746, 203104, 292538
153466524, 138708, 232081
464935169, 257479, 260768
140378099, 138694, 231994
108511089, 38406, 285787
154689304, 138710, 232086
154689518, 138711, 232087
148253888, 138704, 232043
487011313, 40887, 229334
371122243, 51703, 161286
516436627, 52630, 243223
456706338, 52266, 242854
318638620, 51325, 241920
639956125, 126415, 281428
117544837, 289045, 293149
73517594, 138663, 231509
566810116, 131491, 146126
123977024, 138687, 231892
20893538, 138636, 230745
89524221, 138670, 231649
598273496, 129848, 283945
106504230, 138678, 231763
655655502, 131560, 146186
2198510, 37285, 193886
249845293, 50665, 270660
551612451, 52825, 162410
379189526, 51789, 242379
400234949, 128888, 144587
226203867, 139261, 232314
48273720, 37796, 194398
315695320, 139026, 232429
2048781, 289269, 294032
361912513, 139028, 232438
207645083, 289904, 292186
175495462, 138724, 232173
156885234, 138712, 232102
103283288, 125882, 280919
632487087, 138830, 232469
546293444, 139042, 232464
258640371, 139262, 232365
420042651, 138797, 232451
308595432, 138770, 232416
170921132, 138720, 232159
213412981, 138741, 232294
224441644, 138746, 232311
267477204, 138754, 232376
308584027, 138768, 232415
311261462, 138772, 232419
353534754, 138779, 232437
438397086, 138801, 232456
105323559, 46098, 287981
495984099, 138807, 232461
564283596, 47522, 249774
603199656, 47590, 249842
616650629, 47604, 249861
614057991, 47598, 249853
561875767, 138816, 232466
26877260, 47728, 288978
606945663, 53083, 249844
385603049, 139031, 232445
318640052, 51326, 241921
585255272, 139050, 232467
353382448, 128883, 144582
400238896, 128889, 144588
400239263, 128890, 144589
160258945, 139257, 232111
447053791, 232457, 138804
637904093, 53189, 243845
565918748, 39485, 196117
269203558, 39101, 286495
618110846, 55707, 156925
50613991, 139311, 290552
433702327, 139278, 232455
378111793, 139273, 232443
38723660, 151339, 291532
19872456, 36649, 289011
543456007, 139289, 232463
105711679, 287982, 289830
528728573, 139288, 232462
306426878, 139871, 232412
108462822, 140424, 293078
143733995, 151401, 288469
604784917, 128659, 283696
290834913, 46901, 249175
219058535, 150633, 291584
67828134, 291895, 288898
459889549, 52292, 161873
58767451, 151354, 288990
638659710, 47629, 249891
92637467, 151370, 291131
627965891, 47619, 249878
218147099, 50389, 159979
682178126, 157020, 254800
505591815, 162160, 52576
676195998, 162996, 273395
494107715, 39420, 286821
188779637, 36598, 38882
729043504, 163211, 244238
624494421, 149077, 128320
549132713, 163331, 53237
94593596, 165423, 292763
6443435, 191160, 288931
138544269, 191168, 291732
168629414, 191198, 288839
113106184, 165440, 290745
43723161, 191138, 292315
517572679, 166067, 56459
67828134, 191139, 288898
104253824, 189828, 78169
175066331, 190485, 57633
471728341, 36237, 267619
472940552, 189850, 57789
202483348, 38933, 195540
11008207, 191131, 293039
54994103, 36022, 293144
120650407, 191147, 290817
171396748, 191156, 292879
92313258, 191164, 289770
162945532, 191180, 289059
731057031, 163218, 244247
69618902, 48477, 292199
86740149, 191158, 293547
37743436, 191165, 289587
109162639, 191167, 291899
306976345, 36783, 289951
147886080, 191176, 291404
33429211, 191177, 293787
42455934, 36780, 294026
28366058, 191185, 288708
177068961, 191192, 292444
40916314, 191211, 289032
371786808, 191232, 47113
157133149, 191253, 202127
577731757, 190320, 55979
50365232, 191259, 289654
155893691, 191261, 293364
92313258, 294009, 289770
460579961, 191267, 202889
145153231, 191273, 290840
175095528, 191285, 289792
531019817, 196078, 286860
5179099, 191506, 288809
33293613, 191510, 291685
407831273, 191517, 291613
154606109, 195334, 38735
195791429, 195519, 38912
437738945, 195981, 39363
489596660, 196032, 39414
510653879, 196058, 286840
501159254, 196046, 286828
541385487, 196085, 39456
589510868, 196149, 286931
615488773, 196169, 39531
615488984, 196170, 39532
203602747, 203692, 292012
117291995, 209169, 290371
615489092, 196171, 39533
615489251, 196172, 39534
743651128, 196279, 287063
615489839, 196175, 39537
615490156, 196177, 39539
615490022, 196176, 39538
176729701, 201976, 293572
481171303, 202148, 290635
152135517, 201974, 292553
297068457, 202231, 288185
184296045, 202303, 289489
232616273, 202824, 289609
135177996, 209181, 293066
167426117, 232139, 138716
238977572, 202828, 288319
220316446, 138744, 232303
530730261, 203684, 292777
129179482, 203878, 289176
181033717, 203893, 290763
510654075, 196059, 286841
495471055, 139038, 232460
297835711, 203988, 289409
5425992, 204100, 291768
503422934, 204113, 204203
100982449, 204643, 290204
56550961, 204759, 289208
117291895, 209168, 288999
136059445, 209183, 293488
136060027, 209184, 293609
71133899, 204764, 287946
135176875, 209179, 288695
70888585, 205069, 292320
88211060, 205073, 290796
658928161, 127041, 282124
17494249, 288457, 293021
110608565, 205078, 288509
121693579, 138684, 231878
35685910, 138646, 231002
187930944, 138731, 232219
181765651, 49981, 159571
624378379, 165630, 57910
948148, 209162, 291879
147511063, 209191, 293869
127023611, 209172, 288654
146575720, 209190, 287971
127026401, 209173, 288569
129145101, 209175, 291498
146575135, 209189, 292824
54298946, 292916, 292046
135177170, 209180, 289382
465256329, 47317, 249574
33943153, 36032, 288924
327150268, 51367, 160952
37743436, 290696, 289587
135178463, 209182, 290642
144971858, 209188, 292927
637941279, 127037, 282120
583308362, 78413, 165869
276215618, 50944, 160529
147809547, 209192, 289408
148361798, 209195, 294107
564322471, 52893, 162481
605704403, 129042, 144612
43723161, 293640, 292315
37220301, 134001, 31301
148361999, 209196, 288521
720269251, 229433, 294912
181727342, 232199, 138728
247123640, 232343, 138753
313632854, 232424, 138773
313633196, 232425, 138774
295544240, 211360, 292736
294788780, 51139, 160723
421955245, 257419, 260708
243554746, 36540, 288734
519306236, 128951, 144597
76367175, 227659, 292450
127165447, 227661, 288203
348814491, 57509, 190070
26600640, 228890, 292785
36960293, 229852, 293782
462964826, 40880, 229327
511141524, 229345, 284461
132902462, 231946, 139255
214388104, 232296, 138743
378285855, 47122, 223397
738602396, 250083, 47028
51312632, 231278, 288525
584896949, 52979, 162572
108947856, 231781, 138681
132617673, 231941, 139254
188119258, 126875, 281958
656356384, 124518, 125583
140378345, 231995, 138695
350141611, 51545, 161129
559860292, 39474, 196106
784576989, 201817, 201815
75088956, 36331, 291325
515951203, 39438, 286846
108511090, 38407, 285788
583090385, 56878, 166027
173207060, 191234, 291751
102155012, 36746, 290972
629846235, 166071, 56463
182113299, 25508, 163564
153465794, 232079, 138706
192779991, 232235, 293165
109145553, 131616, 289190
154689031, 232085, 138709
177621305, 232184, 290863
29849956, 36775, 288559
592505297, 129038, 144608
549857084, 40909, 150700
496505424, 196042, 286824
202598805, 232269, 139259
412170632, 52016, 161598
278480393, 40773, 229220
313633674, 232426, 138775
341622608, 232435, 139269
366147404, 232439, 139271
423617720, 232452, 139035
11206255, 289248, 291727
238800969, 40752, 288286
548891532, 232465, 139044
614469809, 232468, 138819
687895806, 244399, 273441
39724995, 251456, 293449
309874357, 251803, 251795
580443474, 253014, 253003
7691631, 254070, 289570
20544129, 254071, 290154
31046054, 254072, 293689
12006203, 256625, 288988
729302588, 273633, 163214
777061082, 273785, 244378
20675636, 284978, 37594
108511085, 285785, 38404
633686625, 286977, 196194
644326260, 286984, 196201
262254362, 288054, 291357
554893, 288090, 290571
1283503, 288221, 290473
2169708, 288438, 288682
2167680, 288571, 291431
77187805, 288575, 289025
173762109, 288232, 288328
2871998, 288302, 289370
37038121, 288320, 292419
80946973, 288340, 291985
32238354, 288503, 288913
64431348, 288562, 290713
275035933, 288627, 294073
569462046, 288659, 288745
58809526, 288842, 292738
31558831, 289050, 293018
35248053, 289100, 292922
42766912, 289154, 292151
11393110, 289525, 292328
17192780, 289703, 294019
50365232, 289811, 289654
27945817, 289926, 293774
43020796, 290360, 292596
76992379, 290680, 291636
92022198, 288678, 291436
146725831, 289378, 291251
47453723, 289758, 293576
73640351, 290239, 293249
27038309, 290554, 291004
68573418, 290043, 290367
1680733, 290182, 292991
534940, 290127, 293275
109145553, 290357, 289190
31781950, 290581, 291971
73638221, 290690, 293159
263991304, 290849, 293703
177965234, 290787, 293423
7985040, 291106, 292289
55637575, 291375, 293465
140958903, 290928, 290981
16523712, 291405, 293395
211055969, 291609, 291715
123558994, 291774, 293269
32876186, 292586, 293248
5425992, 292871, 291768
15062869, 293755, 289714
23083156, 291667, 289627
1534331, 292409, 292645
5159166, 292519, 293338
6443435, 292833, 288931
35246620, 292092, 292475
1731413, 291689, 292858
33352201, 291816, 290918
259082019, 291886, 292625
68964263, 292605, 289776
161344658, 292642, 293705
23357588, 293143, 288592
795421, 293184, 293212
171396748, 294096, 292879
569462046, 293927, 288745
38135511, 294510, 40582
